# Результаты расчета функции f(x) = A - x * sin(sqrt(|x|))
# A = 418.9829, x in [-500; 500], points = 2000
-500.000000    238.393741
-499.499750    243.797114
-498.999500    249.214563
-498.499250    254.645396
-497.998999    260.088918
-497.498749    265.544430
-496.998499    271.011233
-496.498249    276.488625
-495.997999    281.975904
-495.497749    287.472364
-494.997499    292.977300
-494.497249    298.490004
-493.996998    304.009765
-493.496748    309.535876
-492.996498    315.067622
-492.496248    320.604293
-491.995998    326.145173
-491.495748    331.689550
-490.995498    337.236706
-490.495248    342.785927
-489.994997    348.336494
-489.494747    353.887692
-488.994497    359.438801
-488.494247    364.989104
-487.993997    370.537883
-487.493747    376.084417
-486.993497    381.627990
-486.493247    387.167881
-485.992996    392.703373
-485.492746    398.233746
-484.992496    403.758283
-484.492246    409.276266
-483.991996    414.786977
-483.491746    420.289699
-482.991496    425.783716
-482.491246    431.268314
-481.990995    436.742776
-481.490745    442.206391
-480.990495    447.658444
-480.490245    453.098225
-479.989995    458.525023
-479.489745    463.938130
-478.989495    469.336837
-478.489245    474.720440
-477.988994    480.088233
-477.488744    485.439514
-476.988494    490.773583
-476.488244    496.089739
-475.987994    501.387287
-475.487744    506.665531
-474.987494    511.923778
-474.487244    517.161339
-473.986993    522.377525
-473.486743    527.571651
-472.986493    532.743033
-472.486243    537.890992
-471.985993    543.014850
-471.485743    548.113931
-470.985493    553.187565
-470.485243    558.235083
-469.984992    563.255818
-469.484742    568.249109
-468.984492    573.214297
-468.484242    578.150727
-467.983992    583.057745
-467.483742    587.934704
-466.983492    592.780958
-466.483242    597.595868
-465.982991    602.378795
-465.482741    607.129108
-464.982491    611.846176
-464.482241    616.529375
-463.981991    621.178084
-463.481741    625.791688
-462.981491    630.369574
-462.481241    634.911136
-461.980990    639.415770
-461.480740    643.882879
-460.980490    648.311870
-460.480240    652.702155
-459.979990    657.053149
-459.479740    661.364276
-458.979490    665.634963
-458.479240    669.864641
-457.978989    674.052748
-457.478739    678.198727
-456.978489    682.302028
-456.478239    686.362103
-455.977989    690.378414
-455.477739    694.350425
-454.977489    698.277608
-454.477239    702.159440
-453.976988    705.995405
-453.476738    709.784993
-452.976488    713.527699
-452.476238    717.223024
-451.975988    720.870478
-451.475738    724.469575
-450.975488    728.019836
-450.475238    731.520789
-449.974987    734.971968
-449.474737    738.372915
-448.974487    741.723178
-448.474237    745.022311
-447.973987    748.269876
-447.473737    751.465443
-446.973487    754.608586
-446.473237    757.698890
-445.972986    760.735945
-445.472736    763.719348
-444.972486    766.648705
-444.472236    769.523627
-443.971986    772.343736
-443.471736    775.108658
-442.971486    777.818030
-442.471236    780.471494
-441.970985    783.068701
-441.470735    785.609310
-440.970485    788.092987
-440.470235    790.519408
-439.969985    792.888254
-439.469735    795.199216
-438.969485    797.451994
-438.469235    799.646294
-437.968984    801.781833
-437.468734    803.858332
-436.968484    805.875526
-436.468234    807.833153
-435.967984    809.730964
-435.467734    811.568716
-434.967484    813.346175
-434.467234    815.063115
-433.966983    816.719321
-433.466733    818.314584
-432.966483    819.848705
-432.466233    821.321495
-431.965983    822.732772
-431.465733    824.082363
-430.965483    825.370105
-430.465233    826.595844
-429.964982    827.759434
-429.464732    828.860739
-428.964482    829.899632
-428.464232    830.875994
-427.963982    831.789717
-427.463732    832.640700
-426.963482    833.428854
-426.463232    834.154097
-425.962981    834.816357
-425.462731    835.415572
-424.962481    835.951688
-424.462231    836.424662
-423.961981    836.834458
-423.461731    837.181053
-422.961481    837.464429
-422.461231    837.684582
-421.960980    837.841515
-421.460730    837.935239
-420.960480    837.965779
-420.460230    837.933164
-419.959980    837.837438
-419.459730    837.678651
-418.959480    837.456863
-418.459230    837.172144
-417.958979    836.824574
-417.458729    836.414243
-416.958479    835.941249
-416.458229    835.405700
-415.957979    834.807715
-415.457729    834.147421
-414.957479    833.424955
-414.457229    832.640465
-413.956978    831.794106
-413.456728    830.886044
-412.956478    829.916455
-412.456228    828.885523
-411.955978    827.793444
-411.455728    826.640422
-410.955478    825.426669
-410.455228    824.152410
-409.954977    822.817876
-409.454727    821.423311
-408.954477    819.968965
-408.454227    818.455100
-407.953977    816.881985
-407.453727    815.249901
-406.953477    813.559137
-406.453227    811.809991
-405.952976    810.002770
-405.452726    808.137793
-404.952476    806.215385
-404.452226    804.235882
-403.951976    802.199628
-403.451726    800.106977
-402.951476    797.958291
-402.451226    795.753944
-401.950975    793.494316
-401.450725    791.179796
-400.950475    788.810783
-400.450225    786.387686
-399.949975    783.910921
-399.449725    781.380912
-398.949475    778.798095
-398.449225    776.162912
-397.948974    773.475814
-397.448724    770.737261
-396.948474    767.947722
-396.448224    765.107673
-395.947974    762.217600
-395.447724    759.277997
-394.947474    756.289365
-394.447224    753.252215
-393.946973    750.167065
-393.446723    747.034441
-392.946473    743.854878
-392.446223    740.628917
-391.945973    737.357110
-391.445723    734.040014
-390.945473    730.678194
-390.445223    727.272225
-389.944972    723.822686
-389.444722    720.330167
-388.944472    716.795263
-388.444222    713.218577
-387.943972    709.600719
-387.443722    705.942307
-386.943472    702.243966
-386.443222    698.506327
-385.942971    694.730027
-385.442721    690.915714
-384.942471    687.064038
-384.442221    683.175657
-383.941971    679.251237
-383.441721    675.291450
-382.941471    671.296973
-382.441221    667.268489
-381.940970    663.206689
-381.440720    659.112270
-380.940470    654.985932
-380.440220    650.828385
-379.939970    646.640340
-379.439720    642.422518
-378.939470    638.175643
-378.439220    633.900445
-377.938969    629.597659
-377.438719    625.268025
-376.938469    620.912289
-376.438219    616.531201
-375.937969    612.125516
-375.437719    607.695995
-374.937469    603.243400
-374.437219    598.768502
-373.936968    594.272073
-373.436718    589.754890
-372.936468    585.217735
-372.436218    580.661394
-371.935968    576.086655
-371.435718    571.494312
-370.935468    566.885160
-370.435218    562.260001
-369.934967    557.619636
-369.434717    552.964873
-368.934467    548.296520
-368.434217    543.615391
-367.933967    538.922301
-367.433717    534.218067
-366.933467    529.503509
-366.433217    524.779451
-365.932966    520.046717
-365.432716    515.306135
-364.932466    510.558533
-364.432216    505.804742
-363.931966    501.045595
-363.431716    496.281927
-362.931466    491.514572
-362.431216    486.744367
-361.930965    481.972150
-361.430715    477.198760
-360.930465    472.425036
-360.430215    467.651820
-359.929965    462.879951
-359.429715    458.110271
-358.929465    453.343622
-358.429215    448.580845
-357.928964    443.822781
-357.428714    439.070273
-356.928464    434.324160
-356.428214    429.585283
-355.927964    424.854482
-355.427714    420.132597
-354.927464    415.420464
-354.427214    410.718921
-353.926963    406.028803
-353.426713    401.350945
-352.926463    396.686179
-352.426213    392.035336
-351.925963    387.399245
-351.425713    382.778733
-350.925463    378.174624
-350.425213    373.587742
-349.924962    369.018906
-349.424712    364.468934
-348.924462    359.938639
-348.424212    355.428833
-347.923962    350.940325
-347.423712    346.473920
-346.923462    342.030420
-346.423212    337.610622
-345.922961    333.215321
-345.422711    328.845308
-344.922461    324.501368
-344.422211    320.184285
-343.921961    315.894836
-343.421711    311.633794
-342.921461    307.401929
-342.421211    303.200004
-341.920960    299.028778
-341.420710    294.889005
-340.920460    290.781434
-340.420210    286.706807
-339.919960    282.665863
-339.419710    278.659334
-338.919460    274.687944
-338.419210    270.752415
-337.918959    266.853460
-337.418709    262.991787
-336.918459    259.168097
-336.418209    255.383084
-335.917959    251.637435
-335.417709    247.931833
-334.917459    244.266950
-334.417209    240.643453
-333.916958    237.062001
-333.416708    233.523245
-332.916458    230.027831
-332.416208    226.576395
-331.915958    223.169564
-331.415708    219.807959
-330.915458    216.492193
-330.415208    213.222870
-329.914957    210.000584
-329.414707    206.825923
-328.914457    203.699465
-328.414207    200.621779
-327.913957    197.593426
-327.413707    194.614957
-326.913457    191.686914
-326.413207    188.809829
-325.912956    185.984226
-325.412706    183.210618
-324.912456    180.489509
-324.412206    177.821393
-323.911956    175.206754
-323.411706    172.646066
-322.911456    170.139792
-322.411206    167.688385
-321.910955    165.292289
-321.410705    162.951935
-320.910455    160.667746
-320.410205    158.440132
-319.909955    156.269492
-319.409705    154.156217
-318.909455    152.100684
-318.409205    150.103259
-317.908954    148.164298
-317.408704    146.284144
-316.908454    144.463131
-316.408204    142.701579
-315.907954    140.999796
-315.407704    139.358082
-314.907454    137.776720
-314.407204    136.255985
-313.906953    134.796138
-313.406703    133.397429
-312.906453    132.060094
-312.406203    130.784359
-311.905953    129.570436
-311.405703    128.418525
-310.905453    127.328815
-310.405203    126.301479
-309.904952    125.336681
-309.404702    124.434570
-308.904452    123.595283
-308.404202    122.818944
-307.903952    122.105665
-307.403702    121.455544
-306.903452    120.868666
-306.403202    120.345103
-305.902951    119.884915
-305.402701    119.488147
-304.902451    119.154833
-304.402201    118.884992
-303.901951    118.678630
-303.401701    118.535741
-302.901451    118.456304
-302.401201    118.440286
-301.900950    118.487640
-301.400700    118.598305
-300.900450    118.772207
-300.400200    119.009259
-299.899950    119.309361
-299.399700    119.672399
-298.899450    120.098243
-298.399200    120.586755
-297.898949    121.137777
-297.398699    121.751144
-296.898449    122.426671
-296.398199    123.164166
-295.897949    123.963418
-295.397699    124.824205
-294.897449    125.746293
-294.397199    126.729431
-293.896948    127.773358
-293.396698    128.877796
-292.896448    130.042458
-292.396198    131.267039
-291.895948    132.551225
-291.395698    133.894685
-290.895448    135.297077
-290.395198    136.758045
-289.894947    138.277220
-289.394697    139.854220
-288.894447    141.488650
-288.394197    143.180101
-287.893947    144.928151
-287.393697    146.732368
-286.893447    148.592303
-286.393197    150.507497
-285.892946    152.477476
-285.392696    154.501757
-284.892446    156.579841
-284.392196    158.711217
-283.891946    160.895363
-283.391696    163.131743
-282.891446    165.419811
-282.391196    167.759006
-281.890945    170.148758
-281.390695    172.588481
-280.890445    175.077582
-280.390195    177.615452
-279.889945    180.201472
-279.389695    182.835012
-278.889445    185.515431
-278.389195    188.242073
-277.888944    191.014276
-277.388694    193.831364
-276.888444    196.692649
-276.388194    199.597434
-275.887944    202.545011
-275.387694    205.534661
-274.887444    208.565656
-274.387194    211.637254
-273.886943    214.748708
-273.386693    217.899256
-272.886443    221.088129
-272.386193    224.314549
-271.885943    227.577725
-271.385693    230.876860
-270.885443    234.211146
-270.385193    237.579767
-269.884942    240.981896
-269.384692    244.416699
-268.884442    247.883335
-268.384192    251.380950
-267.883942    254.908686
-267.383692    258.465675
-266.883442    262.051042
-266.383192    265.663903
-265.882941    269.303368
-265.382691    272.968539
-264.882441    276.658511
-264.382191    280.372372
-263.881941    284.109203
-263.381691    287.868080
-262.881441    291.648071
-262.381191    295.448237
-261.880940    299.267637
-261.380690    303.105321
-260.880440    306.960334
-260.380190    310.831717
-259.879940    314.718505
-259.379690    318.619728
-258.879440    322.534412
-258.379190    326.461579
-257.878939    330.400246
-257.378689    334.349428
-256.878439    338.308132
-256.378189    342.275367
-255.877939    346.250135
-255.377689    350.231437
-254.877439    354.218271
-254.377189    358.209631
-253.876938    362.204510
-253.376688    366.201901
-252.876438    370.200791
-252.376188    374.200169
-251.875938    378.199021
-251.375688    382.196333
-250.875438    386.191091
-250.375188    390.182277
-249.874937    394.168878
-249.374687    398.149877
-248.874437    402.124258
-248.374187    406.091008
-247.873937    410.049112
-247.373687    413.997558
-246.873437    417.935333
-246.373187    421.861429
-245.872936    425.774838
-245.372686    429.674554
-244.872436    433.559573
-244.372186    437.428896
-243.871936    441.281524
-243.371686    445.116464
-242.871436    448.932725
-242.371186    452.729320
-241.870935    456.505266
-241.370685    460.259584
-240.870435    463.991302
-240.370185    467.699449
-239.869935    471.383063
-239.369685    475.041184
-238.869435    478.672860
-238.369185    482.277145
-237.868934    485.853098
-237.368684    489.399785
-236.868434    492.916280
-236.368184    496.401661
-235.867934    499.855018
-235.367684    503.275444
-234.867434    506.662043
-234.367184    510.013926
-233.866933    513.330212
-233.366683    516.610030
-232.866433    519.852517
-232.366183    523.056819
-231.865933    526.222092
-231.365683    529.347502
-230.865433    532.432225
-230.365183    535.475447
-229.864932    538.476365
-229.364682    541.434185
-228.864432    544.348127
-228.364182    547.217421
-227.863932    550.041307
-227.363682    552.819040
-226.863432    555.549884
-226.363182    558.233118
-225.862931    560.868032
-225.362681    563.453929
-224.862431    565.990125
-224.362181    568.475949
-223.861931    570.910746
-223.361681    573.293872
-222.861431    575.624697
-222.361181    577.902608
-221.860930    580.127003
-221.360680    582.297298
-220.860430    584.412921
-220.360180    586.473317
-219.859930    588.477946
-219.359680    590.426283
-218.859430    592.317819
-218.359180    594.152062
-217.858929    595.928536
-217.358679    597.646778
-216.858429    599.306347
-216.358179    600.906815
-215.857929    602.447773
-215.357679    603.928827
-214.857429    605.349602
-214.357179    606.709740
-213.856928    608.008902
-213.356678    609.246764
-212.856428    610.423021
-212.356178    611.537389
-211.855928    612.589599
-211.355678    613.579401
-210.855428    614.506565
-210.355178    615.370878
-209.854927    616.172148
-209.354677    616.910199
-208.854427    617.584878
-208.354177    618.196048
-207.853927    618.743592
-207.353677    619.227414
-206.853427    619.647437
-206.353177    620.003602
-205.852926    620.295871
-205.352676    620.524228
-204.852426    620.688673
-204.352176    620.789229
-203.851926    620.825937
-203.351676    620.798860
-202.851426    620.708080
-202.351176    620.553700
-201.850925    620.335842
-201.350675    620.054651
-200.850425    619.710290
-200.350175    619.302942
-199.849925    618.832814
-199.349675    618.300128
-198.849425    617.705132
-198.349175    617.048092
-197.848924    616.329292
-197.348674    615.549042
-196.848424    614.707667
-196.348174    613.805515
-195.847924    612.842956
-195.347674    611.820376
-194.847424    610.738186
-194.347174    609.596813
-193.846923    608.396707
-193.346673    607.138338
-192.846423    605.822194
-192.346173    604.448786
-191.845923    603.018641
-191.345673    601.532310
-190.845423    599.990360
-190.345173    598.393381
-189.844922    596.741978
-189.344672    595.036781
-188.844422    593.278434
-188.344172    591.467603
-187.843922    589.604971
-187.343672    587.691243
-186.843422    585.727139
-186.343172    583.713399
-185.842921    581.650782
-185.342671    579.540063
-184.842421    577.382037
-184.342171    575.177514
-183.841921    572.927326
-183.341671    570.632317
-182.841421    568.293351
-182.341171    565.911310
-181.840920    563.487088
-181.340670    561.021600
-180.840420    558.515775
-180.340170    555.970557
-179.839920    553.386908
-179.339670    550.765803
-178.839420    548.108232
-178.339170    545.415202
-177.838919    542.687731
-177.338669    539.926854
-176.838419    537.133619
-176.338169    534.309087
-175.837919    531.454332
-175.337669    528.570440
-174.837419    525.658513
-174.337169    522.719660
-173.836918    519.755005
-173.336668    516.765684
-172.836418    513.752842
-172.336168    510.717635
-171.835918    507.661230
-171.335668    504.584804
-170.835418    501.489542
-170.335168    498.376640
-169.834917    495.247301
-169.334667    492.102737
-168.834417    488.944168
-168.334167    485.772821
-167.833917    482.589930
-167.333667    479.396737
-166.833417    476.194486
-166.333167    472.984432
-165.832916    469.767831
-165.332666    466.545946
-164.832416    463.320043
-164.332166    460.091392
-163.831916    456.861266
-163.331666    453.630942
-162.831416    450.401698
-162.331166    447.174815
-161.830915    443.951574
-161.330665    440.733257
-160.830415    437.521148
-160.330165    434.316528
-159.829915    431.120680
-159.329665    427.934883
-158.829415    424.760417
-158.329165    421.598557
-157.828914    418.450578
-157.328664    415.317749
-156.828414    412.201337
-156.328164    409.102602
-155.827914    406.022803
-155.327664    402.963189
-154.827414    399.925007
-154.327164    396.909494
-153.826913    393.917882
-153.326663    390.951393
-152.826413    388.011244
-152.326163    385.098640
-151.825913    382.214778
-151.325663    379.360845
-150.825413    376.538017
-150.325163    373.747460
-149.824912    370.990326
-149.324662    368.267756
-148.824412    365.580880
-148.324162    362.930813
-147.823912    360.318655
-147.323662    357.745493
-146.823412    355.212399
-146.323162    352.720429
-145.822911    350.270623
-145.322661    347.864004
-144.822411    345.501578
-144.322161    343.184334
-143.821911    340.913241
-143.321661    338.689251
-142.821411    336.513295
-142.321161    334.386286
-141.820910    332.309113
-141.320660    330.282649
-140.820410    328.307741
-140.320160    326.385217
-139.819910    324.515881
-139.319660    322.700514
-138.819410    320.939875
-138.319160    319.234696
-137.818909    317.585688
-137.318659    315.993535
-136.818409    314.458896
-136.318159    312.982403
-135.817909    311.564665
-135.317659    310.206260
-134.817409    308.907742
-134.317159    307.669635
-133.816908    306.492436
-133.316658    305.376615
-132.816408    304.322610
-132.316158    303.330833
-131.815908    302.401663
-131.315658    301.535452
-130.815408    300.732519
-130.315158    299.993155
-129.814907    299.317617
-129.314657    298.706134
-128.814407    298.158899
-128.314157    297.676078
-127.813907    297.257800
-127.313657    296.904164
-126.813407    296.615237
-126.313157    296.391051
-125.812906    296.231605
-125.312656    296.136865
-124.812406    296.106764
-124.312156    296.141199
-123.811906    296.240036
-123.311656    296.403104
-122.811406    296.630199
-122.311156    296.921083
-121.810905    297.275481
-121.310655    297.693087
-120.810405    298.173558
-120.310155    298.716516
-119.809905    299.321550
-119.309655    299.988212
-118.809405    300.716021
-118.309155    301.504460
-117.808904    302.352978
-117.308654    303.260990
-116.808404    304.227874
-116.308154    305.252977
-115.807904    306.335608
-115.307654    307.475045
-114.807404    308.670530
-114.307154    309.921272
-113.806903    311.226445
-113.306653    312.585192
-112.806403    313.996621
-112.306153    315.459808
-111.805903    316.973796
-111.305653    318.537596
-110.805403    320.150187
-110.305153    321.810516
-109.804902    323.517499
-109.304652    325.270023
-108.804402    327.066942
-108.304152    328.907082
-107.803902    330.789239
-107.303652    332.712180
-106.803402    334.674644
-106.303152    336.675341
-105.802901    338.712957
-105.302651    340.786148
-104.802401    342.893545
-104.302151    345.033755
-103.801901    347.205358
-103.301651    349.406914
-102.801401    351.636954
-102.301151    353.893993
-101.800900    356.176519
-101.300650    358.483001
-100.800400    360.811889
-100.300150    363.161613
-99.799900    365.530585
-99.299650    367.917197
-98.799400    370.319828
-98.299150    372.736839
-97.798899    375.166578
-97.298649    377.607378
-96.798399    380.057560
-96.298149    382.515433
-95.797899    384.979295
-95.297649    387.447437
-94.797399    389.918137
-94.297149    392.389670
-93.796898    394.860303
-93.296648    397.328297
-92.796398    399.791912
-92.296148    402.249402
-91.795898    404.699023
-91.295648    407.139028
-90.795398    409.567672
-90.295148    411.983213
-89.794897    414.383912
-89.294647    416.768036
-88.794397    419.133855
-88.294147    421.479652
-87.793897    423.803714
-87.293647    426.104340
-86.793397    428.379843
-86.293147    430.628545
-85.792896    432.848787
-85.292646    435.038921
-84.792396    437.197320
-84.292146    439.322375
-83.791896    441.412497
-83.291646    443.466119
-82.791396    445.481696
-82.291146    447.457708
-81.790895    449.392663
-81.290645    451.285094
-80.790395    453.133565
-80.290145    454.936668
-79.789895    456.693031
-79.289645    458.401311
-78.789395    460.060203
-78.289145    461.668437
-77.788894    463.224782
-77.288644    464.728044
-76.788394    466.177074
-76.288144    467.570760
-75.787894    468.908037
-75.287644    470.187885
-74.787394    471.409328
-74.287144    472.571442
-73.786893    473.673348
-73.286643    474.714220
-72.786393    475.693282
-72.286143    476.609815
-71.785893    477.463149
-71.285643    478.252675
-70.785393    478.977837
-70.285143    479.638140
-69.784892    480.233146
-69.284642    480.762480
-68.784392    481.225826
-68.284142    481.622933
-67.783892    481.953612
-67.283642    482.217739
-66.783392    482.415256
-66.283142    482.546172
-65.782891    482.610562
-65.282641    482.608570
-64.782391    482.540408
-64.282141    482.406360
-63.781891    482.206778
-63.281641    481.942084
-62.781391    481.612774
-62.281141    481.219413
-61.780890    480.762641
-61.280640    480.243167
-60.780390    479.661777
-60.280140    479.019325
-59.779890    478.316741
-59.279640    477.555027
-58.779390    476.735258
-58.279140    475.858583
-57.778889    474.926220
-57.278639    473.939463
-56.778389    472.899675
-56.278139    471.808291
-55.777889    470.666818
-55.277639    469.476829
-54.777389    468.239971
-54.277139    466.957955
-53.776888    465.632560
-53.276638    464.265633
-52.776388    462.859084
-52.276138    461.414885
-51.775888    459.935072
-51.275638    458.421740
-50.775388    456.877044
-50.275138    455.303192
-49.774887    453.702450
-49.274637    452.077136
-48.774387    450.429616
-48.274137    448.762307
-47.773887    447.077669
-47.273637    445.378205
-46.773387    443.666458
-46.273137    441.945009
-45.772886    440.216472
-45.272636    438.483491
-44.772386    436.748738
-44.272136    435.014909
-43.771886    433.284719
-43.271636    431.560900
-42.771386    429.846197
-42.271136    428.143362
-41.770885    426.455150
-41.270635    424.784319
-40.770385    423.133617
-40.270135    421.505787
-39.769885    419.903553
-39.269635    418.329624
-38.769385    416.786679
-38.269135    415.277369
-37.768884    413.804312
-37.268634    412.370080
-36.768384    410.977201
-36.268134    409.628149
-35.767884    408.325340
-35.267634    407.071123
-34.767384    405.867778
-34.267134    404.717505
-33.766883    403.622421
-33.266633    402.584553
-32.766383    401.605828
-32.266133    400.688070
-31.765883    399.832993
-31.265633    399.042190
-30.765383    398.317130
-30.265133    397.659151
-29.764882    397.069449
-29.264632    396.549076
-28.764382    396.098927
-28.264132    395.719740
-27.763882    395.412082
-27.263632    395.176345
-26.763382    395.012741
-26.263132    394.921290
-25.762881    394.901819
-25.262631    394.953950
-24.762381    395.077097
-24.262131    395.270459
-23.761881    395.533012
-23.261631    395.863505
-22.761381    396.260456
-22.261131    396.722141
-21.760880    397.246598
-21.260630    397.831614
-20.760380    398.474727
-20.260130    399.173219
-19.759880    399.924117
-19.259630    400.724189
-18.759380    401.569944
-18.259130    402.457627
-17.758879    403.383230
-17.258629    404.342483
-16.758379    405.330863
-16.258129    406.343598
-15.757879    407.375673
-15.257629    408.421835
-14.757379    409.476605
-14.257129    410.534289
-13.756878    411.588992
-13.256628    412.634634
-12.756378    413.664969
-12.256128    414.673611
-11.755878    415.654054
-11.255628    416.599709
-10.755378    417.503933
-10.255128    418.360078
-9.754877    419.161529
-9.254627    419.901763
-8.754377    420.574414
-8.254127    421.173340
-7.753877    421.692712
-7.253627    422.127110
-6.753377    422.471645
-6.253127    422.722089
-5.752876    422.875050
-5.252626    422.928165
-4.752376    422.880357
-4.252126    422.732142
-3.751876    422.486034
-3.251626    422.147088
-2.751376    421.723646
-2.251126    421.228446
-1.750875    420.680384
-1.250625    420.107668
-0.750375    419.554611
-0.250125    419.102844
0.250125    418.862956
0.750375    418.411189
1.250625    417.858132
1.750875    417.285416
2.251126    416.737354
2.751376    416.242154
3.251626    415.818712
3.751876    415.479766
4.252126    415.233658
4.752376    415.085443
5.252626    415.037635
5.752876    415.090750
6.253127    415.243711
6.753377    415.494155
7.253627    415.838690
7.753877    416.273088
8.254127    416.792460
8.754377    417.391386
9.254627    418.064037
9.754877    418.804271
10.255128    419.605722
10.755378    420.461867
11.255628    421.366091
11.755878    422.311746
12.256128    423.292189
12.756378    424.300831
13.256628    425.331166
13.756878    426.376808
14.257129    427.431511
14.757379    428.489195
15.257629    429.543965
15.757879    430.590127
16.258129    431.622202
16.758379    432.634937
17.258629    433.623317
17.758879    434.582570
18.259130    435.508173
18.759380    436.395856
19.259630    437.241611
19.759880    438.041683
20.260130    438.792581
20.760380    439.491073
21.260630    440.134186
21.760880    440.719202
22.261131    441.243659
22.761381    441.705344
23.261631    442.102295
23.761881    442.432788
24.262131    442.695341
24.762381    442.888703
25.262631    443.011850
25.762881    443.063981
26.263132    443.044510
26.763382    442.953059
27.263632    442.789455
27.763882    442.553718
28.264132    442.246060
28.764382    441.866873
29.264632    441.416724
29.764882    440.896351
30.265133    440.306649
30.765383    439.648670
31.265633    438.923610
31.765883    438.132807
32.266133    437.277730
32.766383    436.359972
33.266633    435.381247
33.766883    434.343379
34.267134    433.248295
34.767384    432.098022
35.267634    430.894677
35.767884    429.640460
36.268134    428.337651
36.768384    426.988599
37.268634    425.595720
37.768884    424.161488
38.269135    422.688431
38.769385    421.179121
39.269635    419.636176
39.769885    418.062247
40.270135    416.460013
40.770385    414.832183
41.270635    413.181481
41.770885    411.510650
42.271136    409.822438
42.771386    408.119603
43.271636    406.404900
43.771886    404.681081
44.272136    402.950891
44.772386    401.217062
45.272636    399.482309
45.772886    397.749328
46.273137    396.020791
46.773387    394.299342
47.273637    392.587595
47.773887    390.888131
48.274137    389.203493
48.774387    387.536184
49.274637    385.888664
49.774887    384.263350
50.275138    382.662608
50.775388    381.088756
51.275638    379.544060
51.775888    378.030728
52.276138    376.550915
52.776388    375.106716
53.276638    373.700167
53.776888    372.333240
54.277139    371.007845
54.777389    369.725829
55.277639    368.488971
55.777889    367.298982
56.278139    366.157509
56.778389    365.066125
57.278639    364.026337
57.778889    363.039580
58.279140    362.107217
58.779390    361.230542
59.279640    360.410773
59.779890    359.649059
60.280140    358.946475
60.780390    358.304023
61.280640    357.722633
61.780890    357.203159
62.281141    356.746387
62.781391    356.353026
63.281641    356.023716
63.781891    355.759022
64.282141    355.559440
64.782391    355.425392
65.282641    355.357230
65.782891    355.355238
66.283142    355.419628
66.783392    355.550544
67.283642    355.748061
67.783892    356.012188
68.284142    356.342867
68.784392    356.739974
69.284642    357.203320
69.784892    357.732654
70.285143    358.327660
70.785393    358.987963
71.285643    359.713125
71.785893    360.502651
72.286143    361.355985
72.786393    362.272518
73.286643    363.251580
73.786893    364.292452
74.287144    365.394358
74.787394    366.556472
75.287644    367.777915
75.787894    369.057763
76.288144    370.395040
76.788394    371.788726
77.288644    373.237756
77.788894    374.741018
78.289145    376.297363
78.789395    377.905597
79.289645    379.564489
79.789895    381.272769
80.290145    383.029132
80.790395    384.832235
81.290645    386.680706
81.790895    388.573137
82.291146    390.508092
82.791396    392.484104
83.291646    394.499681
83.791896    396.553303
84.292146    398.643425
84.792396    400.768480
85.292646    402.926879
85.792896    405.117013
86.293147    407.337255
86.793397    409.585957
87.293647    411.861460
87.793897    414.162086
88.294147    416.486148
88.794397    418.831945
89.294647    421.197764
89.794897    423.581888
90.295148    425.982587
90.795398    428.398128
91.295648    430.826772
91.795898    433.266777
92.296148    435.716398
92.796398    438.173888
93.296648    440.637503
93.796898    443.105497
94.297149    445.576130
94.797399    448.047663
95.297649    450.518363
95.797899    452.986505
96.298149    455.450367
96.798399    457.908240
97.298649    460.358422
97.798899    462.799222
98.299150    465.228961
98.799400    467.645972
99.299650    470.048603
99.799900    472.435215
100.300150    474.804187
100.800400    477.153911
101.300650    479.482799
101.800900    481.789281
102.301151    484.071807
102.801401    486.328846
103.301651    488.558886
103.801901    490.760442
104.302151    492.932045
104.802401    495.072255
105.302651    497.179652
105.802901    499.252843
106.303152    501.290459
106.803402    503.291156
107.303652    505.253620
107.803902    507.176561
108.304152    509.058718
108.804402    510.898858
109.304652    512.695777
109.804902    514.448301
110.305153    516.155284
110.805403    517.815613
111.305653    519.428204
111.805903    520.992004
112.306153    522.505992
112.806403    523.969179
113.306653    525.380608
113.806903    526.739355
114.307154    528.044528
114.807404    529.295270
115.307654    530.490755
115.807904    531.630192
116.308154    532.712823
116.808404    533.737926
117.308654    534.704810
117.808904    535.612822
118.309155    536.461340
118.809405    537.249779
119.309655    537.977588
119.809905    538.644250
120.310155    539.249284
120.810405    539.792242
121.310655    540.272713
121.810905    540.690319
122.311156    541.044717
122.811406    541.335601
123.311656    541.562696
123.811906    541.725764
124.312156    541.824601
124.812406    541.859036
125.312656    541.828935
125.812906    541.734195
126.313157    541.574749
126.813407    541.350563
127.313657    541.061636
127.813907    540.708000
128.314157    540.289722
128.814407    539.806901
129.314657    539.259666
129.814907    538.648183
130.315158    537.972645
130.815408    537.233281
131.315658    536.430348
131.815908    535.564137
132.316158    534.634967
132.816408    533.643190
133.316658    532.589185
133.816908    531.473364
134.317159    530.296165
134.817409    529.058058
135.317659    527.759540
135.817909    526.401135
136.318159    524.983397
136.818409    523.506904
137.318659    521.972265
137.818909    520.380112
138.319160    518.731104
138.819410    517.025925
139.319660    515.265286
139.819910    513.449919
140.320160    511.580583
140.820410    509.658059
141.320660    507.683151
141.820910    505.656687
142.321161    503.579514
142.821411    501.452505
143.321661    499.276549
143.821911    497.052559
144.322161    494.781466
144.822411    492.464222
145.322661    490.101796
145.822911    487.695177
146.323162    485.245371
146.823412    482.753401
147.323662    480.220307
147.823912    477.647145
148.324162    475.034987
148.824412    472.384920
149.324662    469.698044
149.824912    466.975474
150.325163    464.218340
150.825413    461.427783
151.325663    458.604955
151.825913    455.751022
152.326163    452.867160
152.826413    449.954556
153.326663    447.014407
153.826913    444.047918
154.327164    441.056306
154.827414    438.040793
155.327664    435.002611
155.827914    431.942997
156.328164    428.863198
156.828414    425.764463
157.328664    422.648051
157.828914    419.515222
158.329165    416.367243
158.829415    413.205383
159.329665    410.030917
159.829915    406.845120
160.330165    403.649272
160.830415    400.444652
161.330665    397.232543
161.830915    394.014226
162.331166    390.790985
162.831416    387.564102
163.331666    384.334858
163.831916    381.104534
164.332166    377.874408
164.832416    374.645757
165.332666    371.419854
165.832916    368.197969
166.333167    364.981368
166.833417    361.771314
167.333667    358.569063
167.833917    355.375870
168.334167    352.192979
168.834417    349.021632
169.334667    345.863063
169.834917    342.718499
170.335168    339.589160
170.835418    336.476258
171.335668    333.380996
171.835918    330.304570
172.336168    327.248165
172.836418    324.212958
173.336668    321.200116
173.836918    318.210795
174.337169    315.246140
174.837419    312.307287
175.337669    309.395360
175.837919    306.511468
176.338169    303.656713
176.838419    300.832181
177.338669    298.038946
177.838919    295.278069
178.339170    292.550598
178.839420    289.857568
179.339670    287.199997
179.839920    284.578892
180.340170    281.995243
180.840420    279.450025
181.340670    276.944200
181.840920    274.478712
182.341171    272.054490
182.841421    269.672449
183.341671    267.333483
183.841921    265.038474
184.342171    262.788286
184.842421    260.583763
185.342671    258.425737
185.842921    256.315018
186.343172    254.252401
186.843422    252.238661
187.343672    250.274557
187.843922    248.360829
188.344172    246.498197
188.844422    244.687366
189.344672    242.929019
189.844922    241.223822
190.345173    239.572419
190.845423    237.975440
191.345673    236.433490
191.845923    234.947159
192.346173    233.517014
192.846423    232.143606
193.346673    230.827462
193.846923    229.569093
194.347174    228.368987
194.847424    227.227614
195.347674    226.145424
195.847924    225.122844
196.348174    224.160285
196.848424    223.258133
197.348674    222.416758
197.848924    221.636508
198.349175    220.917708
198.849425    220.260668
199.349675    219.665672
199.849925    219.132986
200.350175    218.662858
200.850425    218.255510
201.350675    217.911149
201.850925    217.629958
202.351176    217.412100
202.851426    217.257720
203.351676    217.166940
203.851926    217.139863
204.352176    217.176571
204.852426    217.277127
205.352676    217.441572
205.852926    217.669929
206.353177    217.962198
206.853427    218.318363
207.353677    218.738386
207.853927    219.222208
208.354177    219.769752
208.854427    220.380922
209.354677    221.055601
209.854927    221.793652
210.355178    222.594922
210.855428    223.459235
211.355678    224.386399
211.855928    225.376201
212.356178    226.428411
212.856428    227.542779
213.356678    228.719036
213.856928    229.956898
214.357179    231.256060
214.857429    232.616198
215.357679    234.036973
215.857929    235.518027
216.358179    237.058985
216.858429    238.659453
217.358679    240.319022
217.858929    242.037264
218.359180    243.813738
218.859430    245.647981
219.359680    247.539517
219.859930    249.487854
220.360180    251.492483
220.860430    253.552879
221.360680    255.668502
221.860930    257.838797
222.361181    260.063192
222.861431    262.341103
223.361681    264.671928
223.861931    267.055054
224.362181    269.489851
224.862431    271.975675
225.362681    274.511871
225.862931    277.097768
226.363182    279.732682
226.863432    282.415916
227.363682    285.146760
227.863932    287.924493
228.364182    290.748379
228.864432    293.617673
229.364682    296.531615
229.864932    299.489435
230.365183    302.490353
230.865433    305.533575
231.365683    308.618298
231.865933    311.743708
232.366183    314.908981
232.866433    318.113283
233.366683    321.355770
233.866933    324.635588
234.367184    327.951874
234.867434    331.303757
235.367684    334.690356
235.867934    338.110782
236.368184    341.564139
236.868434    345.049520
237.368684    348.566015
237.868934    352.112702
238.369185    355.688655
238.869435    359.292940
239.369685    362.924616
239.869935    366.582737
240.370185    370.266351
240.870435    373.974498
241.370685    377.706216
241.870935    381.460534
242.371186    385.236480
242.871436    389.033075
243.371686    392.849336
243.871936    396.684276
244.372186    400.536904
244.872436    404.406227
245.372686    408.291246
245.872936    412.190962
246.373187    416.104371
246.873437    420.030467
247.373687    423.968242
247.873937    427.916688
248.374187    431.874792
248.874437    435.841542
249.374687    439.815923
249.874937    443.796922
250.375188    447.783523
250.875438    451.774709
251.375688    455.769467
251.875938    459.766779
252.376188    463.765631
252.876438    467.765009
253.376688    471.763899
253.876938    475.761290
254.377189    479.756169
254.877439    483.747529
255.377689    487.734363
255.877939    491.715665
256.378189    495.690433
256.878439    499.657668
257.378689    503.616372
257.878939    507.565554
258.379190    511.504221
258.879440    515.431388
259.379690    519.346072
259.879940    523.247295
260.380190    527.134083
260.880440    531.005466
261.380690    534.860479
261.880940    538.698163
262.381191    542.517563
262.881441    546.317729
263.381691    550.097720
263.881941    553.856597
264.382191    557.593428
264.882441    561.307289
265.382691    564.997261
265.882941    568.662432
266.383192    572.301897
266.883442    575.914758
267.383692    579.500125
267.883942    583.057114
268.384192    586.584850
268.884442    590.082465
269.384692    593.549101
269.884942    596.983904
270.385193    600.386033
270.885443    603.754654
271.385693    607.088940
271.885943    610.388075
272.386193    613.651251
272.886443    616.877671
273.386693    620.066544
273.886943    623.217092
274.387194    626.328546
274.887444    629.400144
275.387694    632.431139
275.887944    635.420789
276.388194    638.368366
276.888444    641.273151
277.388694    644.134436
277.888944    646.951524
278.389195    649.723727
278.889445    652.450369
279.389695    655.130788
279.889945    657.764328
280.390195    660.350348
280.890445    662.888218
281.390695    665.377319
281.890945    667.817042
282.391196    670.206794
282.891446    672.545989
283.391696    674.834057
283.891946    677.070437
284.392196    679.254583
284.892446    681.385959
285.392696    683.464043
285.892946    685.488324
286.393197    687.458303
286.893447    689.373497
287.393697    691.233432
287.893947    693.037649
288.394197    694.785699
288.894447    696.477150
289.394697    698.111580
289.894947    699.688580
290.395198    701.207755
290.895448    702.668723
291.395698    704.071115
291.895948    705.414575
292.396198    706.698761
292.896448    707.923342
293.396698    709.088004
293.896948    710.192442
294.397199    711.236369
294.897449    712.219507
295.397699    713.141595
295.897949    714.002382
296.398199    714.801634
296.898449    715.539129
297.398699    716.214656
297.898949    716.828023
298.399200    717.379045
298.899450    717.867557
299.399700    718.293401
299.899950    718.656439
300.400200    718.956541
300.900450    719.193593
301.400700    719.367495
301.900950    719.478160
302.401201    719.525514
302.901451    719.509496
303.401701    719.430059
303.901951    719.287170
304.402201    719.080808
304.902451    718.810967
305.402701    718.477653
305.902951    718.080885
306.403202    717.620697
306.903452    717.097134
307.403702    716.510256
307.903952    715.860135
308.404202    715.146856
308.904452    714.370517
309.404702    713.531230
309.904952    712.629119
310.405203    711.664321
310.905453    710.636985
311.405703    709.547275
311.905953    708.395364
312.406203    707.181441
312.906453    705.905706
313.406703    704.568371
313.906953    703.169662
314.407204    701.709815
314.907454    700.189080
315.407704    698.607718
315.907954    696.966004
316.408204    695.264221
316.908454    693.502669
317.408704    691.681656
317.908954    689.801502
318.409205    687.862541
318.909455    685.865116
319.409705    683.809583
319.909955    681.696308
320.410205    679.525668
320.910455    677.298054
321.410705    675.013865
321.910955    672.673511
322.411206    670.277415
322.911456    667.826008
323.411706    665.319734
323.911956    662.759046
324.412206    660.144407
324.912456    657.476291
325.412706    654.755182
325.912956    651.981574
326.413207    649.155971
326.913457    646.278886
327.413707    643.350843
327.913957    640.372374
328.414207    637.344021
328.914457    634.266335
329.414707    631.139877
329.914957    627.965216
330.415208    624.742930
330.915458    621.473607
331.415708    618.157841
331.915958    614.796236
332.416208    611.389405
332.916458    607.937969
333.416708    604.442555
333.916958    600.903799
334.417209    597.322347
334.917459    593.698850
335.417709    590.033967
335.917959    586.328365
336.418209    582.582716
336.918459    578.797703
337.418709    574.974013
337.918959    571.112340
338.419210    567.213385
338.919460    563.277856
339.419710    559.306466
339.919960    555.299937
340.420210    551.258993
340.920460    547.184366
341.420710    543.076795
341.920960    538.937022
342.421211    534.765796
342.921461    530.563871
343.421711    526.332006
343.921961    522.070964
344.422211    517.781515
344.922461    513.464432
345.422711    509.120492
345.922961    504.750479
346.423212    500.355178
346.923462    495.935380
347.423712    491.491880
347.923962    487.025475
348.424212    482.536967
348.924462    478.027161
349.424712    473.496866
349.924962    468.946894
350.425213    464.378058
350.925463    459.791176
351.425713    455.187067
351.925963    450.566555
352.426213    445.930464
352.926463    441.279621
353.426713    436.614855
353.926963    431.936997
354.427214    427.246879
354.927464    422.545336
355.427714    417.833203
355.927964    413.111318
356.428214    408.380517
356.928464    403.641640
357.428714    398.895527
357.928964    394.143019
358.429215    389.384955
358.929465    384.622178
359.429715    379.855529
359.929965    375.085849
360.430215    370.313980
360.930465    365.540764
361.430715    360.767040
361.930965    355.993650
362.431216    351.221433
362.931466    346.451228
363.431716    341.683873
363.931966    336.920205
364.432216    332.161058
364.932466    327.407267
365.432716    322.659665
365.932966    317.919083
366.433217    313.186349
366.933467    308.462291
367.433717    303.747733
367.933967    299.043499
368.434217    294.350409
368.934467    289.669280
369.434717    285.000927
369.934967    280.346164
370.435218    275.705799
370.935468    271.080640
371.435718    266.471488
371.935968    261.879145
372.436218    257.304406
372.936468    252.748065
373.436718    248.210910
373.936968    243.693727
374.437219    239.197298
374.937469    234.722400
375.437719    230.269805
375.937969    225.840284
376.438219    221.434599
376.938469    217.053511
377.438719    212.697775
377.938969    208.368141
378.439220    204.065355
378.939470    199.790157
379.439720    195.543282
379.939970    191.325460
380.440220    187.137415
380.940470    182.979868
381.440720    178.853530
381.940970    174.759111
382.441221    170.697311
382.941471    166.668827
383.441721    162.674350
383.941971    158.714563
384.442221    154.790143
384.942471    150.901762
385.442721    147.050086
385.942971    143.235773
386.443222    139.459473
386.943472    135.721834
387.443722    132.023493
387.943972    128.365081
388.444222    124.747223
388.944472    121.170537
389.444722    117.635633
389.944972    114.143114
390.445223    110.693575
390.945473    107.287606
391.445723    103.925786
391.945973    100.608690
392.446223    97.336883
392.946473    94.110922
393.446723    90.931359
393.946973    87.798735
394.447224    84.713585
394.947474    81.676435
395.447724    78.687803
395.947974    75.748200
396.448224    72.858127
396.948474    70.018078
397.448724    67.228539
397.948974    64.489986
398.449225    61.802888
398.949475    59.167705
399.449725    56.584888
399.949975    54.054879
400.450225    51.578114
400.950475    49.155017
401.450725    46.786004
401.950975    44.471484
402.451226    42.211856
402.951476    40.007509
403.451726    37.858823
403.951976    35.766172
404.452226    33.729918
404.952476    31.750415
405.452726    29.828007
405.952976    27.963030
406.453227    26.155809
406.953477    24.406663
407.453727    22.715899
407.953977    21.083815
408.454227    19.510700
408.954477    17.996835
409.454727    16.542489
409.954977    15.147924
410.455228    13.813390
410.955478    12.539131
411.455728    11.325378
411.955978    10.172356
412.456228    9.080277
412.956478    8.049345
413.456728    7.079756
413.956978    6.171694
414.457229    5.325335
414.957479    4.540845
415.457729    3.818379
415.957979    3.158085
416.458229    2.560100
416.958479    2.024551
417.458729    1.551557
417.958979    1.141226
418.459230    0.793656
418.959480    0.508937
419.459730    0.287149
419.959980    0.128362
420.460230    0.032636
420.960480    0.000021
421.460730    0.030561
421.960980    0.124285
422.461231    0.281218
422.961481    0.501371
423.461731    0.784747
423.961981    1.131342
424.462231    1.541138
424.962481    2.014112
425.462731    2.550228
425.962981    3.149443
426.463232    3.811703
426.963482    4.536946
427.463732    5.325100
427.963982    6.176083
428.464232    7.089806
428.964482    8.066168
429.464732    9.105061
429.964982    10.206366
430.465233    11.369956
430.965483    12.595695
431.465733    13.883437
431.965983    15.233028
432.466233    16.644305
432.966483    18.117095
433.466733    19.651216
433.966983    21.246479
434.467234    22.902685
434.967484    24.619625
435.467734    26.397084
435.967984    28.234836
436.468234    30.132647
436.968484    32.090274
437.468734    34.107468
437.968984    36.183967
438.469235    38.319506
438.969485    40.513806
439.469735    42.766584
439.969985    45.077546
440.470235    47.446392
440.970485    49.872813
441.470735    52.356490
441.970985    54.897099
442.471236    57.494306
442.971486    60.147770
443.471736    62.857142
443.971986    65.622064
444.472236    68.442173
444.972486    71.317095
445.472736    74.246452
445.972986    77.229855
446.473237    80.266910
446.973487    83.357214
447.473737    86.500357
447.973987    89.695924
448.474237    92.943489
448.974487    96.242622
449.474737    99.592885
449.974987    102.993832
450.475238    106.445011
450.975488    109.945964
451.475738    113.496225
451.975988    117.095322
452.476238    120.742776
452.976488    124.438101
453.476738    128.180807
453.976988    131.970395
454.477239    135.806360
454.977489    139.688192
455.477739    143.615375
455.977989    147.587386
456.478239    151.603697
456.978489    155.663772
457.478739    159.767073
457.978989    163.913052
458.479240    168.101159
458.979490    172.330837
459.479740    176.601524
459.979990    180.912651
460.480240    185.263645
460.980490    189.653930
461.480740    194.082921
461.980990    198.550030
462.481241    203.054664
462.981491    207.596226
463.481741    212.174112
463.981991    216.787716
464.482241    221.436425
464.982491    226.119624
465.482741    230.836692
465.982991    235.587005
466.483242    240.369932
466.983492    245.184842
467.483742    250.031096
467.983992    254.908055
468.484242    259.815073
468.984492    264.751503
469.484742    269.716691
469.984992    274.709982
470.485243    279.730717
470.985493    284.778235
471.485743    289.851869
471.985993    294.950950
472.486243    300.074808
472.986493    305.222767
473.486743    310.394149
473.986993    315.588275
474.487244    320.804461
474.987494    326.042022
475.487744    331.300269
475.987994    336.578513
476.488244    341.876061
476.988494    347.192217
477.488744    352.526286
477.988994    357.877567
478.489245    363.245360
478.989495    368.628963
479.489745    374.027670
479.989995    379.440777
480.490245    384.867575
480.990495    390.307356
481.490745    395.759409
481.990995    401.223024
482.491246    406.697486
482.991496    412.182084
483.491746    417.676101
483.991996    423.178823
484.492246    428.689534
484.992496    434.207517
485.492746    439.732054
485.992996    445.262427
486.493247    450.797919
486.993497    456.337810
487.493747    461.881383
487.993997    467.427917
488.494247    472.976696
488.994497    478.526999
489.494747    484.078108
489.994997    489.629306
490.495248    495.179873
490.995498    500.729094
491.495748    506.276250
491.995998    511.820627
492.496248    517.361507
492.996498    522.898178
493.496748    528.429924
493.996998    533.956035
494.497249    539.475796
494.997499    544.988500
495.497749    550.493436
495.997999    555.989896
496.498249    561.477175
496.998499    566.954567
497.498749    572.421370
497.998999    577.876882
498.499250    583.320404
498.999500    588.751237
499.499750    594.168686
500.000000    599.572059
